    unsorted:	 671.0331609 674.6389226 666.6561848 677.6857352 661.4482574 655.2657856 649.5257331 643.8307419 635.5840498 625.8695233 614.2315690 601.9108115 587.8861615 572.3403092 555.6451128 531.9673949 504.2263061 505.0389393 770.7410649 468.0927807 850.6794807 429.1829476 419.7151870 878.7429374 926.5718827 959.4500777 994.5662884 1016.610046 384.5399063 1047.132267 1077.781230 331.0431444 1144.346953 1244.789238 1298.061389 241.0246403 1394.309591 1422.964816 1490.971849 1526.722128 1615.357447 123.9465886 101.0316812 1798.034415 1989.877575 2082.926772 2091.148182 2353.794106 2404.635035 2541.398163 2743.517149 2874.185006 3076.107070 3092.665308 3196.134136 3352.457965 3462.594634 3558.273215 3767.111338 3896.902101 27290.18721 26546.70633 26386.47083 28471.67858 28683.36129 29502.14406 29911.60122 30508.52872 25516.35866 24667.82598 24850.79014 31386.39113 32389.92448 33602.43886 33823.12912 33104.43154 35027.62144 35357.94085 35784.95866 36942.70500 37119.39997 37710.14451 38418.75516 39079.98823 22305.20345 39877.79943 40539.25354 42022.13794 42269.51941 43854.02861 45923.26907 50149.37160 51014.92302 52248.60406 54567.41770 57895.90111 59142.96934 63252.74214 65853.01305 68064.14852 75192.20990 79678.36661 80788.93192 83564.82504 83368.23792 86060.09542 92814.31247 94780.22084 97303.87466 104456.6990 104952.7976 104903.8142 105676.7701 101617.2050 106175.3143 107531.8886 117605.6022 124428.3621 135928.8349 150262.2010
      sorted:	 101.0316812 123.9465886 241.0246403 331.0431444 384.5399063 419.7151870 429.1829476 468.0927807 504.2263061 505.0389393 531.9673949 555.6451128 572.3403092 587.8861615 601.9108115 614.2315690 625.8695233 635.5840498 643.8307419 649.5257331 655.2657856 661.4482574 666.6561848 671.0331609 674.6389226 677.6857352 770.7410649 850.6794807 878.7429374 926.5718827 959.4500777 994.5662884 1016.610046 1047.132267 1077.781230 1144.346953 1244.789238 1298.061389 1394.309591 1422.964816 1490.971849 1526.722128 1615.357447 1798.034415 1989.877575 2082.926772 2091.148182 2353.794106 2404.635035 2541.398163 2743.517149 2874.185006 3076.107070 3092.665308 3196.134136 3352.457965 3462.594634 3558.273215 3767.111338 3896.902101 22305.20345 24667.82598 24850.79014 25516.35866 26386.47083 26546.70633 27290.18721 28471.67858 28683.36129 29502.14406 29911.60122 30508.52872 31386.39113 32389.92448 33104.43154 33602.43886 33823.12912 35027.62144 35357.94085 35784.95866 36942.70500 37119.39997 37710.14451 38418.75516 39079.98823 39877.79943 40539.25354 42022.13794 42269.51941 43854.02861 45923.26907 50149.37160 51014.92302 52248.60406 54567.41770 57895.90111 59142.96934 63252.74214 65853.01305 68064.14852 75192.20990 79678.36661 80788.93192 83368.23792 83564.82504 86060.09542 92814.31247 94780.22084 97303.87466 101617.2050 104456.6990 104903.8142 104952.7976 105676.7701 106175.3143 107531.8886 117605.6022 124428.3621 135928.8349 150262.2010
